-------------------------------------------
Running Seurat... COMPLETE
-------------------------------------------
zone2_expression_data.csv prior to filtering...

           Unnamed: 0  Xkr4  Sox17    Mrpl15    Lypla1     Tcea1  Rgs20   Atp6v1h  Oprk1  ...  Spry3  Tmlhe  Ccl21b.1  Csprs  AC168977.2  AC168977.1      PISD  DHRSX  CAAA01147332.1
0  AAACCTGAGCGCCTCA-1   0.0    0.0  1.195500  0.000000  0.000000    0.0  0.000000    0.0  ...    0.0    0.0       0.0    0.0         0.0         0.0  0.000000    0.0             0.0
1  AAACCTGAGTCAAGGC-1   0.0    0.0  0.907179  0.000000  0.907179    0.0  0.000000    0.0  ...    0.0    0.0       0.0    0.0         0.0         0.0  0.907179    0.0             0.0
2  AAACCTGCACATAACC-1   0.0    0.0  0.000000  0.000000  0.000000    0.0  1.224906    0.0  ...    0.0    0.0       0.0    0.0         0.0         0.0  0.000000    0.0             0.0
3  AAACCTGCACCGTTGG-1   0.0    0.0  1.469593  0.443346  1.172991    0.0  0.000000    0.0  ...    0.0    0.0       0.0    0.0         0.0         0.0  0.000000    0.0             0.0
4  AAACCTGCAGGTGCCT-1   0.0    0.0  1.840011  0.000000  0.843355    0.0  0.000000    0.0  ...    0.0    0.0       0.0    0.0         0.0         0.0  0.843355    0.0             0.0

[5 rows x 16856 columns]

zone2_expression_data.csv after filtering...

        Myh6      Myh7  Myh1  Myh3     Myh7b      Myh8  Myh13  Myh14      Myl1      Myl3  ...  Tpm2      Tpm3     Tnni1  Tnni2     Tnni3     Tnnt1     Tnnt2  Tnnt3     Tnnc1  Tnnc2
5   1.206217  3.618531   0.0   0.0  0.774917  0.774917    0.0    0.0  0.000000  4.282139  ...   0.0  0.000000  3.764331    0.0  3.519618  0.000000  3.867370    0.0  3.286499    0.0
6   1.372431  3.913665   0.0   0.0  0.000000  0.000000    0.0    0.0  0.000000  4.447596  ...   0.0  0.683926  4.312452    0.0  3.537355  0.683926  4.672992    0.0  3.788551    0.0
7   1.726712  3.804668   0.0   0.0  0.000000  0.000000    0.0    0.0  0.000000  4.202683  ...   0.0  0.000000  3.925689    0.0  3.724336  0.000000  4.631686    0.0  3.804668    0.0
11  1.633381  2.861323   0.0   0.0  0.000000  0.000000    0.0    0.0  0.000000  3.790357  ...   0.0  0.000000  3.639964    0.0  3.790357  0.000000  4.140233    0.0  2.861323    0.0
13  1.363052  0.000000   0.0   0.0  0.000000  0.000000    0.0    0.0  1.363052  4.523098  ...   0.0  0.000000  3.525140    0.0  4.096533  0.000000  4.480096    0.0  3.994805    0.0

[5 rows x 33 columns]
-------------------------------------------
zone3_expression_data.csv prior to filtering...

           Unnamed: 0  Sox17    Mrpl15    Lypla1     Tcea1  Rgs20   Atp6v1h    Rb1cc1  4732440D04Rik  ...    mt-Nd5  mt-Nd6   mt-Cytb     Vamp7  Tmlhe  AC168977.1  PISD     DHRSX  CAAA01147332.1
0  AAACCTGGTACCGAGA-1    0.0  1.232858  0.795483  0.000000    0.0  0.000000  0.000000            0.0  ...  2.115419     0.0  4.587422  1.232858    0.0         0.0   0.0  0.795483             0.0
1  AAACCTGGTAGGAGTC-1    0.0  0.000000  0.000000  0.835216    0.0  0.835216  0.000000            0.0  ...  0.835216     0.0  3.391715  0.000000    0.0         0.0   0.0  0.000000             0.0
2  AAACCTGTCCAGAAGG-1    0.0  1.011577  0.000000  0.628591    0.0  0.000000  0.000000            0.0  ...  2.442313     0.0  4.961058  0.000000    0.0         0.0   0.0  0.000000             0.0
3  AAACCTGTCCGTAGTA-1    0.0  0.665400  0.000000  0.000000    0.0  0.000000  0.000000            0.0  ...  3.682761     0.0  6.395854  0.000000    0.0         0.0   0.0  0.000000             0.0
4  AAACCTGTCCTACAGA-1    0.0  1.203328  0.574961  0.574961    0.0  0.574961  0.937709            0.0  ...  2.653949     0.0  5.047515  0.000000    0.0         0.0   0.0  0.000000             0.0

[5 rows x 15726 columns]

zone3_expression_data.csv after filtering...

       Myh6      Myh7     Myh7b  Myh8  Myh13  Myh14  Myl1      Myl3      Myl4      Myl2  ...  Tpm2  Tpm3     Tnni1     Tnni2     Tnni3     Tnnt1     Tnnt2  Tnnt3     Tnnc1  Tnnc2
0  0.795483  3.521016  0.000000   0.0    0.0    0.0   0.0  4.455343  1.536121  4.972796  ...   0.0   0.0  4.382128  0.795483  3.975316  0.000000  4.455343    0.0  3.928603    0.0
2  1.504048  3.533650  0.628591   0.0    0.0    0.0   0.0  4.378860  2.708015  5.026307  ...   0.0   0.0  3.607497  0.000000  3.653863  0.000000  4.237686    0.0  3.396986    0.0
3  1.061443  3.204035  0.665400   0.0    0.0    0.0   0.0  3.204035  0.000000  3.081723  ...   0.0   0.0  3.124178  0.000000  3.471776  0.665400  3.471776    0.0  2.346859    0.0
4  1.412996  3.124904  0.574961   0.0    0.0    0.0   0.0  4.325428  3.054171  4.684300  ...   0.0   0.0  3.282527  0.000000  3.723454  0.000000  4.250756    0.0  3.418655    0.0
5  0.844111  3.213515  0.844111   0.0    0.0    0.0   0.0  4.013898  2.746308  4.228603  ...   0.0   0.0  3.989657  0.844111  3.491093  0.844111  4.648429    0.0  2.192262    0.0

[5 rows x 29 columns]
-------------------------------------------
